CARDINALITY 1.6666666666666667
Started at 2015-03-24 03:34:46.023
ROOT SIZE 6
#Clusters  -- 1
[ #Elements 6
( 0,0,1,1,0,0,0 , 1,1,0,0,0,0,1 , 2,0,1,0,0,0,1 , 3,0,0,1,0,0,0 , 4,0,0,0,1,0,0 , 5,0,1,1,0,0,0 , ) 
]
#Clusters  -- 1
[ #Elements 5
( 0,0,1,1,0,0,0 , 2,0,1,0,0,0,1 , 3,0,0,1,0,0,0 , 4,0,0,0,1,0,0 , 5,0,1,1,0,0,0 , ) 
]
#Clusters  -- 1
[ #Elements 4
( 0,0,1,1,0,0,0 , 3,0,0,1,0,0,0 , 4,0,0,0,1,0,0 , 5,0,1,1,0,0,0 , ) 
]
#Clusters  -- 2
[ #Elements 4
( 0,0,1,1,0,0,0 , 3,0,0,1,0,0,0 , 4,0,0,0,1,0,0 , 5,0,1,1,0,0,0 , ) 
#Elements 2
( 1,1,0,0,0,0,1 , 2,0,1,0,0,0,1 , ) 
]
